FIXED: 

LR = 0.001, epochs = 40
Val acc = tensor(0.6950)
Class wise = tensor([0.6893, 0.8652, 0.6300, 0.5922, 0.5556, 0.4651, 0.7411, 0.7941, 0.7547,
        0.8165])
Train loss = tensor([4.6798, 3.3941, 2.8265, 2.4660, 2.1989, 1.9609, 1.7747, 1.6242, 1.4892,
        1.3689, 1.2531, 1.1638, 1.0528, 1.0081, 0.8814, 0.8194, 0.7478, 0.7082,
        0.6791, 0.6537, 0.6183, 0.5833, 0.5416, 0.5054, 0.5074, 0.4823, 0.4684,
        0.4659, 0.4149, 0.4265, 0.4078, 0.3694, 0.3801, 0.3687, 0.3771, 0.3576,
        0.3460, 0.3161, 0.3150, 0.3330])
Val loss = tensor([0.1161, 0.0948, 0.0859, 0.0852, 0.0833, 0.0834, 0.0873, 0.0989, 0.1098,
        0.1100, 0.1288, 0.1259, 0.1339, 0.1322, 0.1391, 0.1521, 0.1569, 0.1839,
        0.1775, 0.1735, 0.1900, 0.1962, 0.1942, 0.1888, 0.1935, 0.2044, 0.2132,
        0.2154, 0.2212, 0.2347, 0.2302, 0.2399, 0.2324, 0.2558, 0.2346, 0.2348,
        0.2466, 0.2469, 0.2581, 0.2616])


LR =0.1, epochs = 20
Val acc = tensor(0.1030)
Class wise = tensor([0., 0., 0., 1., 0., 0., 0., 0., 0., 0.])
Train loss = tensor([92.3200,  7.2332,  7.2339,  7.2340,  7.2340,  7.2340,  7.2340,  7.2340,
         7.2340,  7.2340,  7.2340,  7.2340,  7.2340,  7.2340,  7.2340,  7.2340,
         7.2340,  7.2340,  7.2340,  7.2340])
Val loss = tensor([0.2322, 0.2322, 0.2322, 0.2322, 0.2322, 0.2322, 0.2322, 0.2322, 0.2322,
        0.2322, 0.2322, 0.2322, 0.2322, 0.2322, 0.2322, 0.2322, 0.2322, 0.2322,
        0.2322, 0.2322])


LR = 0.00001, epochs = 15
Val acc = tensor(0.4890)
Class wise = tensor([0.4175, 0.7303, 0.2300, 0.3592, 0.2889, 0.3953, 0.6250, 0.6078, 0.6132,
        0.5872])
Train loss = tensor([6.7169, 5.7859, 5.4376, 5.2699, 5.1458, 5.0447, 4.9595, 4.8850, 4.8180,
        4.7559, 4.6978, 4.6434, 4.5919, 4.5438, 4.4993])
Val loss = tensor([0.1935, 0.1783, 0.1725, 0.1684, 0.1650, 0.1621, 0.1595, 0.1571, 0.1549,
        0.1529, 0.1510, 0.1492, 0.1475, 0.1459, 0.1445])


SCHEDULER:
EXPONENTIAL
LR 0.02, GAMMA = 0.99
Val acc = tensor(0.6540)
Class wise = tensor([0.6408, 0.7978, 0.5400, 0.5340, 0.4333, 0.4535, 0.7411, 0.7647, 0.8679,
        0.7064])
Train loss = tensor([4.4864, 3.2818, 2.8269, 2.5328, 2.3099, 2.1414, 2.0124, 1.8879, 1.7715,
        1.6454, 1.5709, 1.5195, 1.4122, 1.3182, 1.2339])
Val loss = tensor([0.1223, 0.1147, 0.1001, 0.1024, 0.1043, 0.1072, 0.1135, 0.1138, 0.1207,
        0.1291, 0.1284, 0.1272, 0.1332, 0.1277, 0.1406])


KLDIVERGENCE:
LR = 0.001
Val accuracy: tensor(0.6643)
Class wise: tensor([0.5652, 0.7700, 0.4717, 0.6441, 0.6120, 0.5310, 0.8404, 0.7133, 0.7753,
        0.7228])
Train loss: tensor([92.0830, 91.6536, 91.4654, 91.3534, 91.2707, 91.2064, 91.1567, 91.1103,
        91.0759, 91.0480, 91.0258, 90.9944, 90.9684, 90.9402, 90.9172, 90.8958,
        90.8791, 90.8610, 90.8430, 90.8233, 90.8105, 90.8013, 90.7907, 90.7817,
        90.7748, 90.7586, 90.7475, 90.7388, 90.7226, 90.7094, 90.6983, 90.6864,
        90.6811, 90.6686, 90.6601, 90.6513, 90.6465, 90.6340, 90.6228, 90.6190,
        90.6194, 90.6103, 90.6013, 90.6000, 90.5930])
Val loss: tensor([0.9785, 0.9766, 0.9759, 0.9756, 0.9754, 0.9757, 0.9759, 0.9760, 0.9763,
        0.9769, 0.9773, 0.9775, 0.9775, 0.9777, 0.9779, 0.9783, 0.9779, 0.9781,
        0.9784, 0.9790, 0.9791, 0.9793, 0.9792, 0.9796, 0.9801, 0.9806, 0.9799,
        0.9802, 0.9799, 0.9804, 0.9806, 0.9808, 0.9806, 0.9808, 0.9810, 0.9810,
        0.9813, 0.9813, 0.9813, 0.9819, 0.9819, 0.9817, 0.9819, 0.9815, 0.9826])

WITHOUT DATA AUGMENTATION:
val acc = tensor(0.7030)
classwise = tensor([0.6408, 0.8764, 0.5000, 0.5922, 0.5444, 0.6860, 0.8571, 0.7451, 0.7830,
        0.7798])
train loss = tensor([4.6784, 3.4763, 2.9480, 2.5952, 2.3215, 2.1208, 1.9300, 1.7683, 1.6207,
        1.5087, 1.4010, 1.3048, 1.2065, 1.0950, 1.0352, 0.9813, 0.9186, 0.8465,
        0.7616, 0.7253])
val loss = tensor([0.1203, 0.0993, 0.0892, 0.0878, 0.0908, 0.0926, 0.0910, 0.0901, 0.0977,
        0.1056, 0.1151, 0.1277, 0.1301, 0.1469, 0.1453, 0.1558, 0.1589, 0.1636,
        0.1656, 0.1696])
val acc: tensor([0.5440, 0.6510, 0.6660, 0.6830, 0.6920, 0.6980, 0.7030, 0.7160, 0.7160,
        0.6950, 0.6810, 0.6710, 0.6780, 0.6900, 0.6760, 0.6900, 0.6930, 0.6950,
        0.6770, 0.6750])
train acc: tensor([0.5510, 0.6340, 0.6820, 0.6960, 0.7250, 0.7460, 0.7660, 0.7820, 0.7930,
        0.8060, 0.8270, 0.8110, 0.8250, 0.8520, 0.8630, 0.8750, 0.8700, 0.8820,
        0.8570, 0.8670])


Batch size = 32:
[0.5605, 0.6355, 0.6760, 0.6795, 0.6850, 0.6825, 0.6800, 0.6700, 0.6680,
        0.6690, 0.6700, 0.6655, 0.6445, 0.6510, 0.6570, 0.6515, 0.6375, 0.6415,
        0.6470, 0.6480, 0.6455, 0.6385, 0.6500, 0.6575, 0.6320, 0.6475, 0.6440,
        0.6425, 0.6565, 0.6580, 0.6430, 0.6510, 0.6580, 0.6490, 0.6515]

Batch size = 16:
[0.5680, 0.6380, 0.6695, 0.6785, 0.6725, 0.6770, 0.6685, 0.6660, 0.6575,
        0.6425, 0.6505, 0.6540, 0.6610, 0.6465, 0.6450, 0.6455, 0.6515, 0.6375,
        0.6405, 0.6400]

Batch size = 8:
[0.5725, 0.6320, 0.6545, 0.6595, 0.6515, 0.6585, 0.6580, 0.6390, 0.6435,
        0.6435, 0.6335, 0.6260, 0.6190, 0.6180, 0.6225, 0.6300, 0.6295, 0.6290,
        0.6175, 0.6105]

Batch size = 4:
[0.5735, 0.6265, 0.6370, 0.6555, 0.6605, 0.6430, 0.6220, 0.6250, 0.6395,
        0.6360, 0.6530, 0.6400, 0.6395, 0.6445, 0.6440, 0.6300, 0.6300, 0.6245,
        0.6330, 0.6375]

SGD optimizer:
Val acc = [0.29800001, 0.37900001, 0.43099999, 0.51999998, 0.54900002, 0.56699997,
 0.60600001, 0.62900001, 0.65799999, 0.662, 0.66500002, 0.667, 0.68300003, 0.68199998, 0.68300003, 0.68599999, 0.68599999, 0.68199998,
 0.68000001, 0.67699999]
Val loss = [1.9473, 1.7003, 1.5508, 1.4032, 1.2872, 1.1932, 1.1165, 1.0592, 1.0081,
        0.9678, 0.9413, 0.9251, 0.9066, 0.8945, 0.8923, 0.8969, 0.9136, 0.9193,
        0.9365, 0.9508]